0.027905625224774
0.028386404981462
0.028096739832575
2.9448998589221
4.4298156114479
0.028008657111368
3.8090158463756
0.027953005426172
0.02854919538306
0.02780224017716
0.028015398120182
0.027469178428308
1.5235976425179
0.028233438351315
0.02812522658562
0.028115506597765
0.027984782123835
2.1683366026364
0.23777141185958
0.02800792668937
0.028139636574438
0.02823424946658
0.028066923204415
0.028191937315267
0.028074132155988
0.027756704990838
0.027752072682537
0.02784997146616
1.8062827991301
0.02803311012492
1.5541239837757
0.028071248159244
0.027859068491698
0.028005280541176
0.028040619399769
0.027945130507645
0.028082827583787
0.027984219156641
0.028105356340695
0.027249685892884
0.028145177605363
0.027578505257775
0.028025055628917
0.02779528882783
0.02796514713211
0.027953167321532
0.028143456486071
0.028101891120121
0.029419020518808
0.028082680326986
0.027965714255077
0.028054060772932
0.028140350991917
0.027945293584473
0.028016688600154
0.027701858881903
0.027940974477187
0.027964895632971
0.027242714307551
0.028067301148555
0.028101657007627
0.16219018227284
0.028292179621064
1.5633965583611
0.030138294085681
0.028229463035876
0.026988839328702
0.028163423469798
0.027989554319553
2.0953994227856
0.028120730899156
0.028000677348479
0.028032353577035
0.027894699521994
0.028089102817232
0.98565012397744
0.027578035115072
0.028044982104991
0.027860625612453
0.038160372359666
0.027928350905966
2.8404776867016
0.028089830083009
0.027917241800052
0.027395024570202
0.028078998724287
2.2065799863111
0.57989424278074
0.02828827817954
0.027735468798959
0.028067119571691
0.028025038110971
0.02812034938244
0.02815536784974
0.02815224424978
0.028116013205834
0.027698164702343
1.324532555653
0.02811666919373
0.027670667739758
